di	d0	ds
4380	10640	1565
